 session_id | order_id |  state   | total_paid | grand_total
------------+----------+----------+------------+-------------
         23 |      498 | finished |   35000.00 |    35000.00
         33 |      513 | finished |   15000.00 |    15000.00
         45 |      584 | finished |   27000.00 |    27000.00
         47 |      604 | finished |   13500.00 |    13500.00
         48 |      609 | finished |   13500.00 |    13500.00
         49 |      610 | finished |   13500.00 |    13500.00
         50 |      611 | finished |   13500.00 |    13500.00
         51 |      615 | finished |   18000.00 |    18000.00
         58 |      647 | finished |   45000.00 |    45000.00
         59 |      648 | finished |   60000.00 |    60000.00
         60 |      649 | finished |   22000.00 |    22000.00
         72 |     1005 | finished |   28000.00 |    28000.00
         73 |     1006 | finished |   28000.00 |    28000.00
(13 rows)
