1106|10000.00|0.00|10000.00|1|1|74:iva:0.00000:0.00|1|succeeded
1107|10000.00|1900.00|11900.00|1|1|72:iva:0.19000:1900.00|1|succeeded
1108|30000.00|1900.00|31900.00|3|2|72:iva:0.19000:1900.00,74:iva:0.00000:0.00|1|succeeded
1109|30000.00|1900.00|31900.00|3|2|72:iva:0.19000:1900.00,74:iva:0.00000:0.00|1|succeeded
1108|425|10000.00|0.00|-|-|-
1108|2470|10000.00|0.00|74|iva|0.00
1108|2471|10000.00|1900.00|72|iva|1900.00
1109|425|10000.00|0.00|-|-|-
1109|2470|10000.00|0.00|74|iva|0.00
1109|2471|10000.00|1900.00|72|iva|1900.00
